      0/99      2.1G      6.16       9.3         0      15.5         5       416         0         0    0.0398         0      5.91     0.924         0
      1/99     2.47G      5.07     0.421         0      5.49         1       416         0         0      0.06         0      5.71     0.421         0
      2/99     2.47G      4.68     0.413         0      5.09         3       416         0         0    0.0376         0      5.82     0.383         0
      3/99     2.47G      4.44      0.12         0      4.56         3       416         0         0    0.0362         0      5.73    0.0757         0
      4/99     2.47G      4.13     0.121         0      4.25         5       416         0         0    0.0233         0      5.69    0.0808         0
      5/99     2.47G      4.68     0.115         0       4.8         3       416    0.0537     0.037    0.0133    0.0438      5.59      0.11         0
      6/99     2.47G      4.66     0.126         0      4.78         4       416    0.0239     0.037   0.00566     0.029      5.64     0.189         0
      7/99     2.47G      4.58      0.13         0      4.71         3       416    0.0338     0.037    0.0035    0.0354      5.72     0.188         0
      8/99     2.47G      4.47     0.101         0      4.57         3       416         0         0         0         0      6.02     0.218         0
      9/99     2.47G      4.32     0.121         0      4.44         0       416         0         0         0         0      5.99     0.264         0
     10/99     2.47G      4.22     0.117         0      4.34         4       416         0         0         0         0      6.62     0.276         0
     11/99     2.47G      4.25     0.106         0      4.35         3       416         0         0         0         0      7.11     0.325         0
     12/99     2.47G      4.13     0.116         0      4.25         3       416    0.0343     0.037   0.00146    0.0356      7.54     0.246         0
     13/99     2.47G      4.77     0.131         0       4.9         4       416         0         0         0         0      7.17     0.356         0
     14/99     2.47G      4.26     0.116         0      4.37         5       416    0.0322    0.0262   0.00159    0.0289      6.97     0.309         0
     15/99     2.47G      3.41      0.11         0      3.52         2       416    0.0427     0.037   0.00206    0.0397      6.62     0.247         0
     16/99     2.47G       4.4     0.118         0      4.52         6       416    0.0277     0.037   0.00287    0.0317      6.27     0.228         0
     17/99     2.47G      4.11     0.109         0      4.22         1       416    0.0501     0.037     0.007    0.0426       5.9     0.191         0
     18/99     2.47G      4.25      0.12         0      4.37         4       416     0.118     0.037     0.005    0.0563      5.85     0.174         0
     19/99     2.47G      4.14     0.127         0      4.26         3       416     0.185     0.037    0.0117    0.0617      5.78     0.152         0
     20/99     2.47G      4.49     0.148         0      4.64         4       416     0.155     0.037    0.0201    0.0598      6.44     0.123         0
     21/99     2.47G      3.87     0.143         0      4.01         6       416    0.0808     0.037    0.0484    0.0508       6.4     0.118         0
     22/99     2.47G       3.7     0.123         0      3.82         3       416    0.0898    0.0554     0.065    0.0685      6.43     0.103         0
     23/99     2.47G       4.1     0.128         0      4.22         7       416     0.241     0.111    0.0749     0.152      6.34    0.0937         0
     24/99     2.47G      3.09     0.122         0      3.21         2       416     0.542    0.0741    0.0996      0.13      6.44    0.0831         0
     25/99     2.47G      3.84     0.116         0      3.96         3       416     0.692    0.0853     0.119     0.152      6.42    0.0822         0
     26/99     2.47G      3.34     0.108         0      3.45         2       416     0.552    0.0741    0.0949     0.131      6.39    0.0825         0
     27/99     2.47G      3.95     0.113         0      4.06         3       416     0.564     0.111    0.0907     0.186      6.28    0.0877         0
     28/99     2.47G      3.83     0.127         0      3.95         4       416     0.443     0.111    0.0857     0.178      6.09    0.0933         0
     29/99     2.47G      4.35     0.123         0      4.47         1       416     0.402     0.111    0.0769     0.174      5.99    0.0941         0
     30/99     2.47G      4.46     0.123         0      4.58         3       416     0.357     0.111    0.0881     0.169      5.79    0.0942         0
     31/99     2.47G       3.3     0.118         0      3.42         3       416     0.307     0.148    0.0848       0.2      5.62    0.0948         0
     32/99     2.47G      3.34     0.126         0      3.47         2       416     0.385     0.148    0.0909     0.214      5.22     0.099         0
     33/99     2.47G      3.63     0.143         0      3.78         5       416     0.363     0.148    0.0963      0.21      5.09     0.104         0
     34/99     2.47G      3.59     0.144         0      3.74         3       416     0.354     0.148     0.101     0.209      5.07     0.109         0
     35/99     2.47G      3.05     0.145         0      3.19         5       416     0.342     0.148    0.0917     0.207      5.08     0.108         0
     36/99     2.47G      3.49     0.137         0      3.62         4       416     0.453     0.148     0.084     0.223      5.06     0.107         0
     37/99     2.47G      3.44     0.121         0      3.56         6       416     0.422     0.148     0.084     0.219         5     0.114         0
     38/99     2.47G      2.83     0.128         0      2.96         5       416     0.366     0.148    0.0823     0.211      4.85     0.122         0
     39/99     2.47G      3.41     0.155         0      3.57         4       416     0.361     0.148    0.0823      0.21      4.46     0.131         0
     40/99     2.47G      2.82     0.148         0      2.96         3       416     0.345     0.148    0.0861     0.207      3.99     0.137         0
     41/99     2.47G      2.96     0.149         0      3.11         4       416     0.266     0.148     0.105      0.19      3.99     0.141         0
     42/99     2.47G      3.03     0.172         0       3.2         3       416     0.268     0.148    0.0922     0.191      4.83     0.133         0
     43/99     2.47G       3.1     0.158         0      3.26         2       416     0.259     0.148    0.0677     0.188      4.51     0.136         0
     44/99     2.47G      2.92     0.156         0      3.08         2       416     0.324     0.148    0.0947     0.203      4.98     0.124         0
     45/99     2.47G      3.05     0.152         0      3.21         3       416      0.33     0.148    0.0976     0.204       4.5     0.133         0
     46/99     2.47G      2.48     0.152         0      2.63         5       416     0.306     0.148    0.0988       0.2      4.23     0.131         0
     47/99     2.47G      2.53     0.182         0      2.71         5       416     0.251     0.148     0.103     0.186      4.06     0.135         0
     48/99     2.47G      2.58      0.15         0      2.73         4       416      0.24     0.148    0.0999     0.183      3.67     0.142         0
     49/99     2.47G      2.76     0.127         0      2.89         3       416     0.251     0.148     0.098     0.186      3.83     0.135         0
     50/99     2.47G      2.68     0.157         0      2.84         4       416     0.312     0.148     0.109     0.201       3.7      0.13         0
     51/99     2.47G      2.81     0.176         0      2.98         3       416     0.369     0.148     0.111     0.211      3.43      0.13         0
     52/99     2.47G      2.69     0.147         0      2.84         3       416     0.435     0.148     0.125     0.221      3.57     0.126         0
     53/99     2.47G      2.49     0.174         0      2.67         7       416     0.504     0.148     0.136     0.229      3.63     0.122         0
     54/99     2.47G      2.45     0.181         0      2.63         2       416     0.456     0.148     0.125     0.224       3.6     0.116         0
     55/99     2.47G      2.29     0.194         0      2.48         5       416     0.613     0.177     0.139     0.275      3.66     0.111         0
     56/99     2.47G      2.65     0.157         0      2.81         5       416     0.611     0.176     0.126     0.273      3.74     0.108         0
     57/99     2.47G      2.41      0.17         0      2.58         5       416     0.611     0.175     0.127     0.272      3.93     0.104         0
     58/99     2.47G      2.85     0.159         0         3         3       416     0.535     0.171     0.115      0.26      4.26    0.0978         0
     59/99     2.47G      2.55     0.185         0      2.74         2       416     0.485     0.175     0.105     0.258      4.33    0.0969         0
     60/99     2.47G       2.5     0.157         0      2.66         5       416     0.539     0.185     0.119     0.276      4.24     0.099         0
     61/99     2.47G      2.57     0.166         0      2.74         6       416     0.478     0.185     0.116     0.267      4.01     0.104         0
     62/99     2.47G      2.46     0.151         0      2.61         6       416     0.473     0.185     0.129     0.266      3.84     0.109         0
     63/99     2.47G      2.27     0.182         0      2.45         5       416     0.422     0.185     0.116     0.257      4.06     0.106         0
     64/99     2.47G      2.48      0.16         0      2.64         4       416     0.408     0.185     0.139     0.255      4.08     0.106         0
     65/99     2.47G       2.4     0.155         0      2.56         3       416     0.376     0.185     0.131     0.248      3.96     0.107         0
     66/99     2.47G      2.86     0.152         0      3.02         4       416     0.384     0.185     0.132      0.25      3.74     0.108         0
     67/99     2.47G      2.62     0.163         0      2.78         1       416     0.387     0.185     0.131      0.25      3.78     0.107         0
     68/99     2.47G      2.11     0.162         0      2.27         4       416     0.402     0.185     0.133     0.253      3.99     0.104         0
     69/99     2.47G      2.06     0.168         0      2.22         6       416     0.417     0.185     0.134     0.256      3.91     0.105         0
     70/99     2.47G      2.29     0.153         0      2.45         4       416     0.381      0.16     0.117     0.225      3.79     0.107         0
     71/99     2.47G      2.36     0.158         0      2.52         4       416     0.384     0.148     0.115     0.214      3.77     0.107         0
     72/99     2.47G      2.21      0.17         0      2.38         3       416     0.396     0.146     0.114     0.213      3.79     0.106         0
     73/99     2.47G      2.52     0.167         0      2.69         3       416      0.39     0.143     0.115     0.209      3.74     0.107         0
     74/99     2.47G      1.86     0.156         0      2.02         5       416     0.401     0.149     0.117     0.217      3.67     0.109         0
     75/99     2.47G      2.04     0.167         0      2.21         4       416     0.391     0.148     0.114     0.215      3.62      0.11         0
     76/99     2.47G       2.1     0.152         0      2.25         4       416     0.418      0.16     0.116     0.232      3.69     0.109         0
     77/99     2.47G      2.05     0.161         0      2.21         4       416     0.426     0.166     0.116     0.239      3.61      0.11         0
     78/99     2.47G      2.15     0.155         0      2.31         4       416     0.499     0.185     0.119      0.27      3.56     0.111         0
     79/99     2.47G      2.11     0.158         0      2.27         3       416     0.496     0.185     0.119      0.27      3.58     0.111         0
     80/99     2.47G      2.33     0.146         0      2.48         3       416     0.491     0.185     0.119     0.269      3.62     0.111         0
     81/99     2.47G      2.08     0.152         0      2.23         3       416     0.447     0.185     0.112     0.262      3.67      0.11         0
     82/99     2.47G      2.33     0.158         0      2.49         4       416     0.452     0.184     0.112     0.261      3.65     0.111         0
     83/99     2.47G      2.11     0.158         0      2.27         6       416     0.448     0.181     0.112     0.257      3.62     0.112         0
     84/99     2.47G      2.01     0.144         0      2.15         5       416     0.447      0.18     0.113     0.257      3.54     0.114         0
     85/99     2.47G      1.96     0.143         0      2.11         4       416     0.443     0.177     0.113     0.253      3.51     0.114         0
     86/99     2.47G      1.98     0.154         0      2.13         4       416     0.376     0.148     0.109     0.213      3.53     0.114         0
     87/99     2.47G      1.94     0.151         0      2.09         4       416      0.38     0.148      0.13     0.213      3.54     0.113         0
     88/99     2.47G      2.36     0.196         0      2.55         4       416     0.381     0.148     0.134     0.213      3.52     0.113         0
     89/99     2.47G      1.95     0.154         0       2.1         3       416     0.386     0.148     0.134     0.214      3.52     0.113         0
     90/99     2.47G      1.99     0.139         0      2.13         4       416      0.39     0.148     0.134     0.215      3.52     0.113         0
     91/99     2.47G       2.3     0.142         0      2.45         3       416     0.412     0.156     0.136     0.227      3.54     0.112         0
     92/99     2.47G      2.39     0.164         0      2.55         5       416     0.407     0.153     0.137     0.222      3.57     0.111         0
     93/99     2.47G      1.95     0.162         0      2.11         4       416     0.404     0.151     0.137      0.22      3.59     0.111         0
     94/99     2.47G      2.34     0.177         0      2.52         7       416     0.401     0.149     0.137     0.217       3.6     0.111         0
     95/99     2.47G      1.79     0.136         0      1.92         3       416     0.399     0.148     0.137     0.216      3.61      0.11         0
     96/99     2.47G      1.85     0.147         0      1.99         6       416     0.398     0.147     0.137     0.215      3.62      0.11         0
     97/99     2.47G      2.35     0.169         0      2.51         5       416     0.398     0.147     0.137     0.214      3.62      0.11         0
     98/99     2.47G      2.44     0.169         0      2.61         4       416     0.397     0.146     0.137     0.214      3.62      0.11         0
     99/99     2.47G      2.15     0.155         0      2.31         4       416     0.397     0.146     0.135     0.214      3.62      0.11         0
