     0/599      2.1G      4.93      13.1         0      18.1         4       416         0         0  9.43e-06         0      4.69      0.78         0
     1/599     2.47G      4.89     0.547         0      5.43         5       416         0         0         0         0      5.44      0.37         0
     2/599     2.47G      4.28     0.418         0       4.7         2       416         0         0         0         0       7.7     0.384         0
     3/599     2.47G      4.89      0.14         0      5.02         7       416         0         0    0.0112         0      7.71    0.0878         0
     4/599     2.47G      4.24     0.123         0      4.37         3       416         0         0    0.0178         0      6.19    0.0837         0
     5/599     2.47G      3.88     0.137         0      4.01         4       416         0         0    0.0262         0      5.78    0.0846         0
     6/599     2.47G      4.14     0.139         0      4.28         4       416         0         0    0.0321         0      5.93    0.0905         0
     7/599     2.47G      4.14      0.14         0      4.28         3       416         0         0    0.0335         0      5.45     0.105         0
     8/599     2.47G      4.15     0.159         0      4.31         5       416         1     0.037     0.061    0.0714      5.31     0.116         0
     9/599     2.47G      3.32     0.145         0      3.46         4       416         1     0.037    0.0709    0.0714      6.12     0.104         0
    10/599     2.47G      3.57     0.134         0       3.7         5       416         1     0.037    0.0642    0.0714      6.53       0.1         0
    11/599     2.47G      3.34      0.17         0      3.51         3       416         1     0.037    0.0737    0.0714      5.22     0.118         0
    12/599     2.47G      2.96     0.143         0       3.1         2       416         0         0    0.0335         0      6.06     0.114         0
    13/599     2.47G      3.29     0.165         0      3.45         3       416         0         0   0.00233         0      4.64     0.139         0
    14/599     2.47G      2.91     0.155         0      3.07         3       416         0         0   0.00152         0      5.21     0.138         0
    15/599     2.47G      2.84     0.146         0      2.98         3       416         0         0   0.00135         0      5.29     0.143         0
    16/599     2.47G      3.12     0.167         0      3.29         4       416         0         0    0.0035         0      5.45     0.129         0
    17/599     2.47G      2.81     0.162         0      2.97         4       416         0         0    0.0115         0       4.9     0.132         0
    18/599     2.47G      3.01     0.143         0      3.15         1       416         0         0   0.00575         0      5.19     0.151         0
    19/599     2.47G      3.47     0.184         0      3.65         6       416         0         0   0.00397         0         5     0.249         0
    20/599     2.47G      2.69     0.161         0      2.85         3       416         0         0   0.00458         0      4.45     0.266         0
    21/599     2.47G      2.54      0.16         0       2.7         4       416         0         0    0.0244         0      4.32     0.145         0
    22/599     2.47G       2.4     0.151         0      2.55         3       416         1     0.037     0.127    0.0714      4.68     0.108         0
    23/599     2.47G      2.64     0.148         0      2.79         4       416         1     0.037     0.107    0.0714       4.8     0.112         0
    24/599     2.47G      3.11     0.163         0      3.27         6       416         1     0.037      0.12    0.0714       4.7     0.117         0
    25/599     2.47G       2.5     0.151         0      2.65         5       416         1     0.037     0.127    0.0714      4.26     0.117         0
    26/599     2.47G      2.69     0.157         0      2.85         4       416         1    0.0467     0.128    0.0892       4.1     0.114         0
    27/599     2.47G      2.42     0.135         0      2.56         5       416         1    0.0516     0.137    0.0981       4.2     0.109         0
    28/599     2.47G      2.74     0.138         0      2.87         3       416     0.222    0.0164     0.108    0.0306         4     0.113         0
    29/599     2.47G      2.47     0.168         0      2.64         6       416         1    0.0444     0.149     0.085       4.1      0.11         0
    30/599     2.47G       2.8     0.151         0      2.96         3       416         1     0.037      0.15    0.0714      4.55    0.0997         0
    31/599     2.47G      2.93     0.168         0       3.1         5       416         1     0.037      0.15    0.0714      3.93     0.107         0
    32/599     2.47G      2.57     0.152         0      2.72         3       416         1     0.037     0.164    0.0714      4.29    0.0975         0
    33/599     2.47G      1.96     0.141         0       2.1         5       416         1     0.037      0.16    0.0714      4.44    0.0979         0
    34/599     2.47G      2.59     0.167         0      2.76         3       416         1     0.037     0.152    0.0714      4.27     0.104         0
    35/599     2.47G       2.6     0.139         0      2.74         4       416     0.622    0.0641     0.119     0.116      4.21    0.0978         0
    36/599     2.47G      2.84      0.15         0      2.99         3       416     0.461    0.0741    0.0993     0.128      4.31    0.0942         0
    37/599     2.47G      2.22     0.166         0      2.39         5       416      0.24    0.0482    0.0877    0.0802      4.41    0.0907         0
    38/599     2.47G      2.62     0.124         0      2.74         3       416     0.329    0.0729    0.0895     0.119      4.26    0.0971         0
    39/599     2.47G      2.51     0.161         0      2.67         1       416     0.421     0.108    0.0913     0.172      4.15     0.104         0
    40/599     2.47G       2.2     0.146         0      2.34         6       416     0.353     0.102     0.086     0.158      4.41    0.0924         0
    41/599     2.47G      2.27     0.159         0      2.43         5       416     0.365     0.107    0.0863     0.166      3.87    0.0999         0
    42/599     2.47G      2.34     0.175         0      2.51         4       416     0.303     0.111    0.0885     0.163      3.45     0.112         0
    43/599     2.47G      2.16     0.137         0       2.3         6       416      0.34     0.135    0.0899     0.193      3.38     0.115         0
    44/599     2.47G      2.04     0.151         0      2.19         4       416     0.354     0.148     0.091     0.209      3.43     0.114         0
    45/599     2.47G      2.33     0.157         0      2.49         5       416      0.35     0.148    0.0938     0.208      3.25     0.117         0
    46/599     2.47G      2.39     0.145         0      2.53         5       416     0.379     0.148     0.108     0.213      3.73     0.103         0
    47/599     2.47G      2.17     0.151         0      2.32         3       416     0.393     0.148     0.125     0.215      3.87     0.099         0
    48/599     2.47G      2.45     0.139         0      2.59         2       416     0.394     0.148     0.125     0.215      3.76    0.0992         0
    49/599     2.47G      2.02      0.14         0      2.16         2       416     0.457     0.148     0.107     0.224      3.76     0.101         0
    50/599     2.47G       2.3     0.146         0      2.44         2       416     0.431     0.148     0.115     0.221      3.98    0.0981         0
    51/599     2.47G      2.31     0.146         0      2.45         4       416     0.427     0.148     0.122      0.22      3.77     0.101         0
    52/599     2.47G      2.35     0.177         0      2.53         4       416     0.413     0.148     0.121     0.218      3.88       0.1         0
    53/599     2.47G      2.09     0.135         0      2.22         4       416     0.405     0.148     0.123     0.217      3.73       0.1         0
    54/599     2.47G      1.68     0.148         0      1.83         5       416     0.376     0.148     0.127     0.213      3.29      0.11         0
    55/599     2.47G      1.93     0.137         0      2.07         4       416     0.359     0.148     0.125      0.21       3.4     0.109         0
    56/599     2.47G      1.91     0.142         0      2.05         4       416     0.404     0.148     0.125     0.217      3.83     0.101         0
    57/599     2.47G      2.18     0.136         0      2.32         5       416     0.383     0.148      0.13     0.214      3.73     0.102         0
    58/599     2.47G         2     0.136         0      2.13         5       416     0.305     0.148     0.133       0.2      3.27     0.106         0
    59/599     2.47G      2.03     0.146         0      2.18         2       416     0.367     0.148     0.145     0.211      3.35    0.0999         0
    60/599     2.47G      1.98     0.159         0      2.14         4       416     0.404     0.148     0.145     0.217      3.21    0.0936         0
    61/599     2.47G         2     0.151         0      2.15         2       416     0.401     0.148     0.149     0.216      3.43    0.0875         0
    62/599     2.47G      2.23     0.168         0       2.4         2       416     0.435     0.148     0.162     0.221      3.37    0.0906         0
    63/599     2.47G       2.1     0.148         0      2.24         4       416     0.512     0.148     0.178      0.23      3.05     0.093         0
    64/599     2.47G      2.03     0.148         0      2.18         3       416     0.481     0.148     0.176     0.227      2.77    0.0963         0
    65/599     2.47G      2.05     0.169         0      2.22         6       416     0.502     0.148     0.169     0.229      3.14    0.0909         0
    66/599     2.47G      1.83     0.138         0      1.96         5       416     0.545     0.148     0.174     0.233      2.78     0.091         0
    67/599     2.47G      1.93     0.142         0      2.07         5       416     0.599     0.148     0.181     0.238      3.01    0.0894         0
    68/599     2.47G      1.68     0.144         0      1.82         3       416      0.53     0.148     0.191     0.232       2.9    0.0909         0
    69/599     2.47G      1.84     0.176         0      2.02         3       416     0.465     0.148     0.186     0.225      3.02    0.0887         0
    70/599     2.47G       1.9     0.141         0      2.04         4       416     0.458     0.148     0.158     0.224      2.88    0.0874         0
    71/599     2.47G      1.79      0.16         0      1.95         4       416     0.458     0.148      0.16     0.224      2.65    0.0901         0
    72/599     2.47G      2.16     0.149         0      2.31         5       416     0.475     0.148     0.159     0.226      3.06     0.088         0
    73/599     2.47G      1.54     0.138         0      1.68         2       416     0.584     0.148     0.155     0.236      2.77    0.0871         0
    74/599     2.47G      1.72     0.129         0      1.85         4       416     0.643     0.148     0.156     0.241      2.66     0.088         0
    75/599     2.47G      2.08     0.164         0      2.24         3       416     0.458     0.148     0.151     0.224      2.71    0.0918         0
    76/599     2.47G      1.77     0.174         0      1.95         6       416     0.414     0.148     0.167     0.218       3.2    0.0905         0
    77/599     2.47G      1.61     0.153         0      1.76         5       416     0.403     0.148      0.17     0.217      3.16    0.0957         0
    78/599     2.47G      1.73     0.132         0      1.86         4       416     0.393     0.185     0.167     0.252      3.21     0.101         0
    79/599     2.47G      1.91     0.159         0      2.07         7       416     0.396     0.185     0.169     0.252      3.17     0.101         0
    80/599     2.47G      1.78     0.144         0      1.92         5       416     0.393     0.216     0.166     0.279       2.9     0.103         0
    81/599     2.47G      1.75     0.155         0      1.91         5       416     0.495     0.222     0.178     0.307      3.25    0.0933         0
    82/599     2.47G       1.4     0.142         0      1.55         2       416     0.444     0.222     0.178     0.296      2.74    0.0967         0
    83/599     2.47G      1.91     0.129         0      2.04         4       416     0.395     0.222     0.156     0.285      3.07    0.0982         0
    84/599     2.47G      1.75     0.156         0      1.91         5       416     0.346     0.222     0.156     0.271      3.19     0.098         0
    85/599     2.47G      1.78     0.152         0      1.94         4       416     0.365     0.222     0.164     0.276      3.37    0.0975         0
    86/599     2.47G      1.75      0.14         0      1.89         4       416     0.342     0.185     0.167      0.24      3.11     0.096         0
    87/599     2.47G       1.6     0.151         0      1.75         3       416     0.411     0.185     0.168     0.255      3.11    0.0898         0
    88/599     2.47G       1.7      0.12         0      1.82         1       416     0.494     0.185     0.179     0.269      3.25    0.0835         0
    89/599     2.47G      1.59     0.148         0      1.73         5       416     0.515     0.185     0.186     0.272      3.36    0.0809         0
    90/599     2.47G      1.87     0.126         0      1.99         4       416     0.523     0.185     0.187     0.273      3.19    0.0803         0
    91/599     2.47G      1.65     0.127         0      1.77         4       416     0.508     0.185     0.187     0.271      3.26    0.0802         0
    92/599     2.47G      1.89     0.166         0      2.06         7       416     0.482     0.222     0.189     0.304       3.2    0.0829         0
    93/599     2.47G      1.42     0.139         0      1.56         2       416     0.398     0.222     0.179     0.285      3.12     0.086         0
    94/599     2.47G      1.69     0.145         0      1.83         3       416     0.292     0.185     0.159     0.227      3.01    0.0902         0
    95/599     2.47G      1.76     0.148         0      1.91         4       416     0.321     0.222     0.177     0.263      2.88    0.0954         0
    96/599     2.47G      1.67     0.152         0      1.82         5       416     0.356     0.222     0.177     0.274      2.81    0.0928         0
    97/599     2.47G      1.46     0.135         0      1.59         3       416     0.345     0.215     0.189     0.264      3.03    0.0885         0
    98/599     2.47G      1.37     0.152         0      1.52         5       416     0.354     0.163     0.197     0.223      2.85    0.0885         0
    99/599     2.47G       1.8     0.157         0      1.96         2       416     0.404     0.176     0.197     0.245      2.53    0.0899         0
   100/599     2.47G       1.7     0.132         0      1.83         4       416     0.613     0.148     0.184     0.239      2.59    0.0906         0
   101/599     2.47G      1.51     0.115         0      1.62         4       416      0.59     0.148     0.196     0.237      2.82    0.0875         0
   102/599     2.47G      1.61     0.139         0      1.75         2       416     0.433     0.148     0.211     0.221      2.48    0.0901         0
   103/599     2.47G      1.27     0.116         0      1.39         3       416     0.564     0.148     0.208     0.235      2.68    0.0859         0
   104/599     2.47G      1.59     0.132         0      1.72         2       416     0.692     0.148     0.217     0.244      2.57    0.0868         0
   105/599     2.47G      1.71     0.134         0      1.85         3       416     0.717     0.148     0.221     0.246      2.99    0.0826         0
   106/599     2.47G      1.51     0.143         0      1.65         5       416     0.736     0.148     0.195     0.247      3.31    0.0791         0
   107/599     2.47G      1.56     0.139         0      1.69         3       416     0.702     0.148     0.196     0.245      3.05    0.0827         0
   108/599     2.47G      1.61     0.164         0      1.77         4       416     0.714     0.185     0.198     0.294      2.88    0.0877         0
   109/599     2.47G       1.4     0.129         0      1.53         3       416     0.811     0.222     0.242     0.349      2.89    0.0898         0
   110/599     2.47G      1.42     0.128         0      1.54         5       416     0.676     0.222     0.233     0.334      2.72    0.0906         0
   111/599     2.47G      1.53     0.144         0      1.68         5       416     0.552     0.222     0.229     0.317      2.59     0.091         0
   112/599     2.47G      1.62      0.13         0      1.75         6       416     0.434     0.222     0.224     0.294      2.89    0.0881         0
   113/599     2.47G      1.69     0.155         0      1.85         5       416     0.463     0.222     0.225       0.3      2.87    0.0889         0
   114/599     2.47G      1.48      0.15         0      1.63         3       416     0.479     0.222     0.217     0.304      2.94    0.0884         0
   115/599     2.47G      1.74     0.139         0      1.87         5       416      0.68     0.185     0.224     0.291      2.99    0.0838         0
   116/599     2.47G      1.64     0.138         0      1.78         2       416     0.684     0.162      0.25     0.262      3.07    0.0824         0
   117/599     2.47G      1.73     0.127         0      1.85         3       416     0.684     0.161     0.249     0.261      3.01    0.0864         0
   118/599     2.47G      1.72     0.127         0      1.85         3       416     0.754     0.111     0.226     0.194      2.79    0.0929         0
   119/599     2.47G      1.74     0.124         0      1.86         4       416         1     0.135     0.232     0.237      2.79    0.0935         0
   120/599     2.47G      1.56     0.135         0       1.7         3       416      0.81     0.159     0.269     0.265      2.94    0.0881         0
   121/599     2.47G      1.23     0.127         0      1.36         2       416     0.819     0.169      0.27     0.281      2.95    0.0866         0
   122/599     2.47G      1.25     0.133         0      1.38         6       416     0.832     0.184     0.265     0.301      2.79    0.0853         0
   123/599     2.47G      1.76     0.124         0      1.88         5       416     0.847     0.222     0.247     0.352       2.7    0.0867         0
   124/599     2.47G      1.44     0.129         0      1.57         2       416     0.651     0.222     0.263     0.331      2.65    0.0859         0
   125/599     2.47G      1.35     0.149         0       1.5         6       416     0.725     0.222     0.253      0.34      2.57    0.0863         0
   126/599     2.47G      1.35     0.129         0      1.48         5       416      0.63     0.185      0.21     0.286      2.62    0.0852         0
   127/599     2.47G       1.5     0.159         0      1.66         6       416     0.592     0.222     0.254     0.323      2.65    0.0859         0
   128/599     2.47G      1.57     0.127         0       1.7         2       416     0.535     0.222     0.271     0.314      2.76    0.0846         0
   129/599     2.47G       1.4     0.135         0      1.54         2       416     0.472     0.185      0.21     0.266      2.74    0.0829         0
   130/599     2.47G       1.5     0.125         0      1.62         4       416     0.566     0.222     0.267     0.319       2.7    0.0829         0
   131/599     2.47G      1.41     0.124         0      1.54         4       416     0.634     0.222     0.261     0.329      2.63    0.0841         0
   132/599     2.47G      1.54     0.114         0      1.65         3       416     0.658     0.222     0.242     0.332      2.57    0.0829         0
   133/599     2.47G      1.41      0.12         0      1.53         2       416     0.698     0.222     0.245     0.337      2.67    0.0816         0
   134/599     2.47G      1.51     0.133         0      1.64         4       416     0.614     0.185     0.211     0.285      2.29     0.085         0
   135/599     2.47G      1.45     0.127         0      1.57         5       416     0.722     0.222     0.261      0.34      2.22    0.0875         0
   136/599     2.47G      1.26     0.126         0      1.39         4       416     0.788     0.222     0.255     0.347      2.37     0.087         0
   137/599     2.47G       1.5     0.124         0      1.62         5       416     0.813     0.222     0.251     0.349       2.6    0.0851         0
   138/599     2.47G      1.39      0.12         0      1.51         6       416     0.804     0.222     0.258     0.348      2.34    0.0861         0
   139/599     2.47G      1.25     0.118         0      1.37         5       416     0.874     0.258     0.259     0.399      2.55    0.0842         0
   140/599     2.47G      1.42     0.131         0      1.55         4       416     0.739     0.259      0.26     0.384      2.64    0.0844         0
   141/599     2.47G      1.46     0.122         0      1.58         4       416     0.727     0.259     0.261     0.382      2.36    0.0858         0
   142/599     2.47G      1.42     0.128         0      1.55         0       416     0.627     0.222      0.22     0.328      2.44    0.0861         0
   143/599     2.47G       1.4     0.124         0      1.52         3       416     0.756     0.259     0.243     0.386      2.37    0.0865         0
   144/599     2.47G      1.45     0.127         0      1.58         5       416     0.758     0.222     0.241     0.344      2.39    0.0846         0
   145/599     2.47G      1.41     0.117         0      1.53         2       416     0.734     0.222     0.242     0.341      2.31    0.0839         0
   146/599     2.47G      1.47     0.149         0      1.62         5       416     0.802     0.222     0.244     0.348      2.78    0.0814         0
   147/599     2.47G      1.45     0.113         0      1.57         3       416     0.726     0.197     0.227      0.31      2.19    0.0858         0
   148/599     2.47G      1.49     0.133         0      1.62         3       416      0.75     0.222     0.214     0.343      2.23    0.0868         0
   149/599     2.47G       1.4      0.14         0      1.54         3       416     0.749     0.222     0.232     0.343      2.52    0.0868         0
   150/599     2.47G      1.66     0.131         0      1.79         3       416     0.675     0.231     0.232     0.344      2.62    0.0884         0
   151/599     2.47G      1.22     0.123         0      1.34         3       416     0.557     0.234     0.175     0.329      2.36    0.0932         0
   152/599     2.47G       1.5      0.12         0      1.62         4       416     0.491     0.215     0.147     0.299      2.38    0.0923         0
   153/599     2.47G      1.22      0.11         0      1.33         0       416     0.481     0.222     0.161     0.304      2.43    0.0935         0
   154/599     2.47G      1.52      0.14         0      1.66         5       416      0.61     0.259     0.226     0.364      2.27     0.093         0
   155/599     2.47G      1.24     0.139         0      1.38         4       416     0.696     0.296     0.279     0.416      2.11    0.0918         0
   156/599     2.47G      1.59     0.132         0      1.72         1       416     0.612     0.222     0.228     0.326      2.14    0.0893         0
   157/599     2.47G      1.56     0.145         0      1.71         5       416     0.857     0.296     0.333      0.44      2.17    0.0894         0
   158/599     2.47G       1.3     0.123         0      1.42         3       416     0.884     0.296     0.341     0.444      2.53    0.0875         0
   159/599     2.47G       1.5     0.141         0      1.64         4       416     0.885     0.296     0.298     0.444      2.69    0.0854         0
   160/599     2.47G      1.26     0.107         0      1.37         4       416     0.886     0.296      0.29     0.444      2.29    0.0874         0
   161/599     2.47G      1.35     0.117         0      1.46         6       416     0.879     0.296     0.315     0.443       2.2      0.09         0
   162/599     2.47G      1.26     0.132         0      1.39         4       416     0.874     0.296     0.302     0.443       2.5    0.0889         0
   163/599     2.47G      1.32     0.124         0      1.45         3       416     0.888     0.296     0.299     0.444      2.58    0.0873         0
   164/599     2.47G      1.19     0.122         0      1.31         4       416     0.773     0.259     0.253     0.388      2.39    0.0881         0
   165/599     2.47G      1.36     0.124         0      1.48         4       416     0.731     0.259     0.262     0.383      2.45    0.0876         0
   166/599     2.47G      1.26     0.144         0      1.41         4       416     0.621     0.222     0.225     0.327      2.38    0.0884         0
   167/599     2.47G      1.32     0.123         0      1.44         5       416     0.623     0.222     0.223     0.328      2.27    0.0896         0
   168/599     2.47G      1.24     0.129         0      1.36         4       416     0.736     0.259     0.263     0.383      2.26    0.0902         0
   169/599     2.47G      1.25     0.121         0      1.37         4       416     0.726     0.259     0.243     0.382      2.34    0.0909         0
   170/599     2.47G      1.41     0.098         0      1.51         3       416     0.744     0.216     0.214     0.335      2.69    0.0907         0
   171/599     2.47G      1.51     0.147         0      1.66         5       416     0.654     0.211     0.209     0.318      2.73    0.0908         0
   172/599     2.47G      1.47     0.124         0       1.6         5       416      0.65     0.207     0.201     0.314      2.28    0.0944         0
   173/599     2.47G      1.46     0.126         0      1.59         2       416      0.63      0.19     0.218     0.292      2.31     0.096         0
   174/599     2.47G       1.3     0.117         0      1.42         3       416     0.464     0.148     0.179     0.225      2.37    0.0957         0
   175/599     2.47G      1.23     0.163         0      1.39         3       416     0.621     0.185     0.238     0.285      2.35    0.0964         0
   176/599     2.47G      1.29      0.13         0      1.42         4       416     0.691     0.185     0.206     0.292       2.4    0.0976         0
   177/599     2.47G      1.34      0.14         0      1.48         4       416     0.584     0.148     0.169     0.236      2.39    0.0988         0
   178/599     2.47G      1.31     0.118         0      1.43         4       416     0.602     0.148     0.213     0.238      2.43     0.101         0
   179/599     2.47G      1.44     0.141         0      1.58         6       416     0.528     0.166     0.195     0.253      2.33     0.104         0
   180/599     2.47G      1.39     0.119         0      1.51         2       416     0.659     0.222     0.262     0.332      2.26     0.105         0
   181/599     2.47G       1.3     0.125         0      1.42         4       416     0.543     0.185     0.211     0.276      2.66    0.0978         0
   182/599     2.47G      1.34     0.114         0      1.45         4       416      0.49     0.185     0.218     0.269      2.39    0.0989         0
   183/599     2.47G      1.35     0.131         0      1.48         5       416     0.566     0.242     0.281     0.339      2.22    0.0989         0
   184/599     2.47G      1.21     0.121         0      1.33         3       416     0.583     0.259     0.273     0.358      2.37    0.0946         0
   185/599     2.47G      1.31     0.126         0      1.43         4       416      0.61     0.296     0.287     0.399      2.09     0.097         0
   186/599     2.47G      1.34     0.105         0      1.44         5       416     0.566     0.296     0.284     0.389      2.49    0.0917         0
   187/599     2.47G      1.28     0.114         0       1.4         5       416     0.511     0.259     0.217     0.344      2.09    0.0948         0
   188/599     2.47G      1.36     0.135         0       1.5         6       416     0.596     0.296     0.297     0.396      2.05    0.0946         0
   189/599     2.47G       1.1     0.113         0      1.21         4       416     0.569     0.296     0.303      0.39      2.24    0.0927         0
   190/599     2.47G      1.26     0.113         0      1.37         2       416     0.506     0.259     0.234     0.343      1.99    0.0951         0
   191/599     2.47G      1.26     0.101         0      1.36         4       416     0.656     0.296     0.298     0.408      1.99    0.0952         0
   192/599     2.47G      1.59     0.148         0      1.74         5       416     0.714     0.296     0.302     0.419      2.03    0.0946         0
   193/599     2.47G      1.16     0.134         0       1.3         4       416     0.703     0.259     0.295     0.379      2.08    0.0939         0
   194/599     2.47G       1.1     0.124         0      1.23         6       416     0.767     0.259     0.289     0.388      2.15    0.0947         0
   195/599     2.47G      1.23     0.132         0      1.37         3       416     0.693     0.259     0.285     0.377      2.05    0.0951         0
   196/599     2.47G      1.16     0.124         0      1.29         4       416     0.566     0.222     0.247     0.319       2.3    0.0914         0
   197/599     2.47G       1.1     0.115         0      1.21         3       416     0.541     0.222     0.241     0.315      2.16    0.0926         0
   198/599     2.47G      1.27     0.115         0      1.38         7       416     0.531     0.222     0.197     0.313      2.16    0.0944         0
   199/599     2.47G      1.29     0.126         0      1.42         5       416     0.487     0.185     0.166     0.268      2.12    0.0959         0
   200/599     2.47G      1.28     0.116         0       1.4         5       416     0.719     0.222     0.237      0.34      2.45    0.0956         0
   201/599     2.47G       1.1     0.111         0      1.21         4       416     0.771     0.222     0.239     0.345      2.33    0.0975         0
   202/599     2.47G      1.12     0.119         0      1.24         3       416     0.731     0.185     0.237     0.295      2.07     0.101         0
   203/599     2.47G      1.24     0.117         0      1.36         2       416     0.728     0.185     0.268     0.295      2.12     0.101         0
   204/599     2.47G      1.03     0.119         0      1.14         5       416     0.723     0.185     0.278     0.295      2.17    0.0989         0
   205/599     2.47G      1.18     0.115         0      1.29         2       416     0.704     0.185     0.274     0.293      2.31    0.0969         0
   206/599     2.47G      1.15     0.113         0      1.27         2       416     0.534     0.148     0.194     0.232      2.17    0.0982         0
   207/599     2.47G      1.23     0.119         0      1.35         0       416     0.744     0.216     0.287     0.335      2.03    0.0985         0
   208/599     2.47G      1.27     0.127         0      1.39         3       416     0.662     0.222     0.262     0.333      1.93    0.0954         0
   209/599     2.47G      1.32     0.128         0      1.45         4       416     0.648     0.222     0.267     0.331      2.01    0.0932         0
   210/599     2.47G       1.4     0.118         0      1.52         2       416     0.616     0.222     0.241     0.327       2.2    0.0926         0
   211/599     2.47G      1.12     0.107         0      1.23         4       416     0.536     0.222     0.266     0.314      2.29    0.0911         0
   212/599     2.47G      1.14     0.125         0      1.26         4       416     0.629     0.259     0.318     0.367      2.01    0.0929         0
   213/599     2.47G      1.11      0.12         0      1.23         3       416     0.635     0.259     0.321     0.368      2.04    0.0916         0
   214/599     2.47G     0.969     0.107         0      1.08         2       416     0.701      0.26     0.324      0.38      2.12    0.0904         0
   215/599     2.47G      1.35     0.114         0      1.46         6       416     0.699     0.259     0.293     0.378      2.07      0.09         0
   216/599     2.47G      1.14     0.112         0      1.25         5       416     0.472     0.185     0.223     0.266      2.24    0.0866         0
   217/599     2.47G      1.15     0.126         0      1.27         4       416     0.671     0.259     0.309     0.374      2.61    0.0849         0
   218/599     2.47G      1.16     0.153         0      1.31         7       416      0.58     0.222     0.237     0.321      2.45    0.0873         0
   219/599     2.47G      1.28     0.121         0      1.41         3       416     0.484     0.185       0.2     0.268      2.23    0.0895         0
   220/599     2.47G      1.29     0.113         0       1.4         4       416     0.584     0.222     0.262     0.322      2.45    0.0881         0
   221/599     2.47G      1.31     0.121         0      1.43         4       416     0.511     0.185     0.201     0.272      2.35    0.0897         0
   222/599     2.47G     0.929     0.112         0      1.04         3       416      0.79     0.259     0.296      0.39      1.99    0.0936         0
   223/599     2.47G      1.01     0.112         0      1.12         3       416     0.851     0.259     0.296     0.397      1.97    0.0944         0
   224/599     2.47G      1.17     0.136         0      1.31         4       416     0.746     0.218      0.24     0.337      2.03    0.0935         0
   225/599     2.47G      1.05     0.103         0      1.15         3       416     0.754     0.222     0.278     0.343      2.13    0.0941         0
   226/599     2.47G       1.2     0.108         0       1.3         3       416     0.757     0.232     0.275     0.355      2.12    0.0951         0
   227/599     2.47G      1.07     0.119         0      1.18         6       416     0.657     0.214     0.239     0.323      2.04    0.0969         0
   228/599     2.47G         1      0.12         0      1.12         2       416      0.57     0.197     0.207     0.293      1.98    0.0989         0
   229/599     2.47G      1.12     0.125         0      1.24         3       416      0.59     0.222     0.207     0.323      2.19    0.0969         0
   230/599     2.47G      1.17     0.109         0      1.28         2       416     0.735     0.259     0.283     0.383      2.13    0.0956         0
   231/599     2.47G      1.16     0.132         0       1.3         4       416     0.619     0.222     0.211     0.327      1.98    0.0972         0
   232/599     2.47G     0.965     0.105         0      1.07         2       416     0.484     0.185     0.193     0.268      2.08    0.0942         0
   233/599     2.47G     0.967     0.112         0      1.08         6       416     0.538     0.185     0.205     0.275      2.12    0.0937         0
   234/599     2.47G       0.9    0.0961         0     0.997         2       416     0.712     0.259     0.286      0.38      2.13    0.0939         0
   235/599     2.47G      1.08     0.112         0      1.19         2       416     0.599     0.222     0.207     0.324      2.12    0.0941         0
   236/599     2.47G      1.11     0.111         0      1.22         4       416     0.711     0.259     0.285      0.38      2.03    0.0945         0
   237/599     2.47G      1.13     0.114         0      1.24         3       416     0.742     0.259     0.285     0.384      1.97     0.094         0
   238/599     2.47G     0.948     0.112         0      1.06         2       416     0.522     0.222     0.204     0.312      2.17    0.0918         0
   239/599     2.47G      1.03     0.113         0      1.14         3       416     0.509     0.222     0.206     0.309      2.05     0.093         0
   240/599     2.47G      1.13     0.115         0      1.24         4       416     0.601     0.259      0.28     0.362      2.25    0.0924         0
   241/599     2.47G      1.14     0.115         0      1.26         3       416     0.561     0.222     0.245     0.318      2.06     0.094         0
   242/599     2.47G      1.07     0.118         0      1.19         4       416     0.592     0.222     0.253     0.323      1.91    0.0963         0
   243/599     2.47G      1.06     0.101         0      1.16         3       416     0.715     0.259     0.285     0.381      1.79    0.0982         0
   244/599     2.47G      1.12     0.114         0      1.23         3       416     0.789     0.278     0.346     0.411      1.78    0.0991         0
   245/599     2.47G      1.22     0.106         0      1.32         1       416     0.724     0.259     0.298     0.382      1.76    0.0983         0
   246/599     2.47G      1.01     0.102         0      1.12         3       416      0.77     0.259     0.294     0.388      1.97     0.096         0
   247/599     2.47G      1.04     0.112         0      1.15         3       416     0.697     0.222     0.267     0.337      2.16    0.0917         0
   248/599     2.47G      1.06     0.107         0      1.17         3       416      0.74     0.222     0.264     0.342      2.25    0.0916         0
   249/599     2.47G      1.09     0.118         0      1.21         5       416     0.861     0.259     0.297     0.399      2.47    0.0904         0
   250/599     2.47G      1.12     0.124         0      1.24         4       416     0.845     0.259     0.296     0.397      2.21    0.0917         0
   251/599     2.47G      1.16     0.115         0      1.28         2       416     0.713     0.222     0.272     0.339       2.2    0.0904         0
   252/599     2.47G      1.09     0.125         0      1.22         3       416     0.696     0.222     0.257     0.337       2.1    0.0892         0
   253/599     2.47G      1.08     0.115         0       1.2         7       416     0.598     0.185     0.216     0.283      2.54    0.0836         0
   254/599     2.47G      1.16     0.114         0      1.27         3       416     0.686     0.222     0.231     0.336      2.55    0.0834         0
   255/599     2.47G      1.02     0.117         0      1.13         2       416     0.656     0.222     0.229     0.332      2.66     0.082         0
   256/599     2.47G      1.06     0.123         0      1.18         4       416     0.527     0.185     0.187     0.274      2.72     0.081         0
   257/599     2.47G      1.05     0.114         0      1.16         4       416     0.534     0.185     0.181     0.275      2.69    0.0812         0
   258/599     2.47G      1.09     0.113         0       1.2         3       416     0.501     0.185     0.221      0.27      2.46    0.0834         0
   259/599     2.47G      1.03    0.0969         0      1.12         3       416     0.532     0.185     0.218     0.275      2.42    0.0833         0
   260/599     2.47G      1.25     0.116         0      1.37         5       416     0.502     0.185     0.228     0.271      2.28    0.0842         0
   261/599     2.47G      1.02     0.108         0      1.13         4       416     0.455     0.185     0.216     0.263      2.29    0.0849         0
   262/599     2.47G      1.05     0.116         0      1.17         4       416     0.494     0.222     0.202     0.307      2.28    0.0861         0
   263/599     2.47G     0.946     0.108         0      1.05         5       416     0.471     0.222     0.218     0.302      2.24    0.0868         0
   264/599     2.47G     0.942     0.121         0      1.06         5       416     0.492     0.259     0.272      0.34      2.23    0.0873         0
   265/599     2.47G     0.969     0.102         0      1.07         3       416     0.473     0.222     0.205     0.302      2.28    0.0879         0
   266/599     2.47G      1.07     0.121         0      1.19         3       416     0.482     0.259     0.253     0.337      2.37    0.0879         0
   267/599     2.47G      1.14     0.131         0      1.28         4       416     0.585     0.259     0.254     0.359      2.36    0.0891         0
   268/599     2.47G     0.876     0.101         0     0.977         4       416     0.572     0.259     0.258     0.357      2.27    0.0913         0
   269/599     2.47G     0.995     0.107         0       1.1         3       416     0.583     0.259     0.257     0.359      2.29    0.0928         0
   270/599     2.47G     0.944     0.111         0      1.05         4       416     0.554     0.259     0.254     0.353      2.35     0.092         0
   271/599     2.47G      1.02     0.111         0      1.13         2       416     0.547     0.259     0.254     0.352       2.3    0.0914         0
   272/599     2.47G     0.828    0.0923         0      0.92         4       416     0.448     0.222      0.19     0.297      2.32    0.0909         0
   273/599     2.47G      1.11     0.125         0      1.23         4       416     0.501     0.259     0.253     0.342      2.21    0.0921         0
   274/599     2.47G      1.02     0.105         0      1.13         4       416     0.482     0.259     0.254     0.337      2.34    0.0906         0
   275/599     2.47G      1.01     0.119         0      1.13         3       416      0.51     0.259     0.252     0.344      2.46    0.0894         0
   276/599     2.47G     0.974     0.108         0      1.08         2       416     0.435     0.222     0.207     0.294      2.61    0.0884         0
   277/599     2.47G      1.08     0.121         0       1.2         3       416     0.577     0.296     0.283     0.392       2.7    0.0875         0
   278/599     2.47G         1     0.113         0      1.12         3       416     0.561     0.296     0.308     0.388      2.43    0.0883         0
   279/599     2.47G      1.03     0.122         0      1.16         5       416     0.492     0.259     0.255      0.34      2.31    0.0888         0
   280/599     2.47G      1.06     0.105         0      1.16         5       416     0.622     0.296     0.288     0.401      2.28    0.0889         0
   281/599     2.47G      1.11     0.107         0      1.22         3       416     0.509     0.259     0.234     0.344      2.38    0.0881         0
   282/599     2.47G      1.13     0.119         0      1.24         3       416     0.586     0.296     0.258     0.394      2.36    0.0884         0
   283/599     2.47G      1.03     0.105         0      1.13         3       416     0.593     0.296     0.296     0.395      2.36    0.0873         0
   284/599     2.47G     0.962     0.104         0      1.07         5       416     0.554     0.259     0.261     0.353      2.25    0.0887         0
   285/599     2.47G      1.06     0.114         0      1.17         3       416     0.633     0.296     0.306     0.404      2.23    0.0902         0
   286/599     2.47G     0.936     0.115         0      1.05         4       416     0.715     0.333     0.364     0.455      2.37    0.0894         0
   287/599     2.47G     0.948     0.101         0      1.05         0       416     0.719     0.333     0.358     0.456       2.4    0.0893         0
   288/599     2.47G     0.919     0.121         0      1.04         7       416     0.723     0.333     0.362     0.456       2.3    0.0901         0
   289/599     2.47G     0.947    0.0983         0      1.04         4       416     0.642     0.296     0.311     0.405      2.26    0.0905         0
   290/599     2.47G     0.933     0.111         0      1.04         3       416     0.732     0.333     0.378     0.458      2.25    0.0904         0
   291/599     2.47G      1.15      0.12         0      1.27         3       416      0.76     0.333      0.38     0.463       2.2    0.0908         0
   292/599     2.47G      1.06     0.107         0      1.17         3       416      0.78     0.333     0.386     0.467      2.15    0.0902         0
   293/599     2.47G     0.905     0.118         0      1.02         4       416     0.821      0.34     0.398     0.481      2.29    0.0878         0
   294/599     2.47G     0.978     0.122         0       1.1         4       416     0.824     0.333     0.396     0.475      2.22    0.0875         0
   295/599     2.47G     0.993     0.119         0      1.11         5       416     0.819     0.333     0.377     0.474       2.1    0.0881         0
   296/599     2.47G     0.998     0.107         0       1.1         2       416     0.833      0.37     0.392     0.513      2.06    0.0887         0
   297/599     2.47G      1.09     0.119         0       1.2         4       416     0.844      0.37     0.394     0.515      2.12    0.0885         0
   298/599     2.47G     0.888     0.101         0     0.989         3       416     0.805      0.37     0.393     0.507      2.14    0.0874         0
   299/599     2.47G      1.01     0.123         0      1.14         5       416     0.764      0.37     0.394     0.499      1.89    0.0896         0
   300/599     2.47G     0.956     0.104         0      1.06         4       416     0.791     0.333      0.37     0.469      1.96     0.089         0
   301/599     2.47G     0.983     0.105         0      1.09         2       416      0.79     0.333      0.37     0.469      2.09    0.0888         0
   302/599     2.47G     0.965     0.124         0      1.09         5       416     0.695     0.296     0.332     0.415      2.17     0.087         0
   303/599     2.47G     0.972     0.119         0      1.09         4       416     0.688     0.296     0.332     0.414      2.38    0.0855         0
   304/599     2.47G      1.06     0.113         0      1.17         3       416     0.771     0.333     0.374     0.465       2.4    0.0867         0
   305/599     2.47G      0.98     0.111         0      1.09         6       416     0.751     0.336     0.374     0.464      2.26    0.0888         0
   306/599     2.47G     0.977     0.105         0      1.08         5       416     0.773     0.333     0.371     0.466      2.36    0.0889         0
   307/599     2.47G     0.966     0.113         0      1.08         4       416     0.662     0.259     0.284     0.373      2.37    0.0889         0
   308/599     2.47G      1.08     0.105         0      1.18         3       416     0.837     0.296     0.327     0.438      2.09    0.0921         0
   309/599     2.47G      1.04     0.115         0      1.16         2       416     0.894     0.312     0.368     0.462      2.15    0.0921         0
   310/599     2.47G     0.826    0.0992         0     0.925         5       416     0.879     0.333     0.372     0.483      2.36    0.0906         0
   311/599     2.47G      1.13     0.116         0      1.24         3       416     0.849     0.333      0.39     0.479      2.52    0.0887         0
   312/599     2.47G      1.05     0.121         0      1.17         2       416     0.714     0.296     0.338     0.419      2.32    0.0904         0
   313/599     2.47G      1.07    0.0969         0      1.17         4       416     0.602     0.259     0.264     0.362      2.25    0.0906         0
   314/599     2.47G         1     0.126         0      1.13         6       416     0.596     0.259     0.269     0.361      2.25    0.0914         0
   315/599     2.47G      1.02     0.105         0      1.13         5       416     0.664     0.296     0.344      0.41      2.25    0.0912         0
   316/599     2.47G      1.05     0.107         0      1.15         1       416     0.733     0.333     0.369     0.458      2.41    0.0898         0
   317/599     2.47G     0.921    0.0919         0      1.01         2       416     0.643     0.296     0.314     0.406      2.45    0.0888         0
   318/599     2.47G     0.966     0.121         0      1.09         4       416      0.72     0.333     0.362     0.456      2.24    0.0903         0
   319/599     2.47G     0.829     0.112         0     0.941         3       416     0.716     0.333     0.353     0.455      2.24    0.0898         0
   320/599     2.47G     0.839     0.104         0     0.943         2       416     0.713     0.333      0.36     0.454      2.26    0.0896         0
   321/599     2.47G     0.969     0.105         0      1.07         4       416     0.713     0.333     0.347     0.454      2.26    0.0895         0
   322/599     2.47G     0.927    0.0924         0      1.02         2       416     0.486     0.222     0.222     0.305      2.16    0.0899         0
   323/599     2.47G      1.09     0.114         0       1.2         5       416     0.619     0.259     0.258     0.365       2.2    0.0912         0
   324/599     2.47G     0.929     0.111         0      1.04         3       416     0.644     0.259     0.268      0.37      2.39    0.0902         0
   325/599     2.47G      1.19    0.0983         0      1.29         2       416     0.835     0.333     0.379     0.477      2.47    0.0889         0
   326/599     2.47G      1.01     0.114         0      1.13         6       416     0.842     0.333     0.379     0.478      2.26    0.0906         0
   327/599     2.47G         1      0.11         0      1.11         3       416     0.843     0.333     0.385     0.478      2.28    0.0911         0
   328/599     2.47G      1.04     0.122         0      1.17         5       416     0.849     0.333      0.39     0.479      2.27     0.093         0
   329/599     2.47G         1     0.134         0      1.14         6       416     0.852     0.333     0.365     0.479      2.21    0.0946         0
   330/599     2.47G      1.03     0.116         0      1.15         5       416     0.859     0.333     0.365      0.48      2.12    0.0961         0
   331/599     2.47G     0.919     0.112         0      1.03         3       416     0.905     0.353     0.369     0.508      2.05    0.0971         0
   332/599     2.47G      1.03     0.128         0      1.16         5       416      0.85     0.333     0.394     0.479      2.05    0.0971         0
   333/599     2.47G     0.871     0.104         0     0.975         4       416     0.843     0.333     0.395     0.478      2.09    0.0967         0
   334/599     2.47G     0.896     0.111         0      1.01         5       416     0.836     0.333     0.377     0.477      2.06     0.097         0
   335/599     2.47G     0.929     0.113         0      1.04         6       416     0.833     0.333     0.374     0.476      1.98    0.0975         0
   336/599     2.47G     0.982     0.124         0      1.11         4       416     0.734     0.296     0.295     0.422      2.01    0.0972         0
   337/599     2.47G      1.07     0.117         0      1.19         2       416     0.731     0.296      0.29     0.422         2    0.0972         0
   338/599     2.47G     0.938     0.107         0      1.04         3       416     0.638     0.259     0.269     0.369      2.09    0.0967         0
   339/599     2.47G      0.89    0.0853         0     0.975         2       416     0.547     0.222      0.23     0.316      2.16    0.0961         0
   340/599     2.47G     0.932     0.116         0      1.05         5       416     0.726     0.296     0.323     0.421      2.12    0.0964         0
   341/599     2.47G     0.834     0.104         0     0.939         4       416     0.714     0.296     0.326     0.419      2.08    0.0965         0
   342/599     2.47G     0.879    0.0965         0     0.976         3       416     0.691     0.296     0.318     0.415      2.01    0.0973         0
   343/599     2.47G         1     0.107         0      1.11         1       416     0.667     0.296     0.315      0.41      2.09    0.0961         0
   344/599     2.47G     0.996     0.107         0       1.1         5       416     0.557     0.259     0.263     0.354      2.12    0.0961         0
   345/599     2.47G     0.901     0.115         0      1.02         3       416     0.538     0.259     0.264      0.35      2.05    0.0971         0
   346/599     2.47G     0.941     0.109         0      1.05         3       416     0.609     0.296     0.309     0.399      2.11    0.0968         0
   347/599     2.47G     0.902     0.111         0      1.01         1       416     0.636     0.296     0.293     0.404       2.2    0.0958         0
   348/599     2.47G     0.946     0.119         0      1.07         5       416     0.556     0.259     0.257     0.354      2.26    0.0945         0
   349/599     2.47G     0.938     0.113         0      1.05         2       416     0.559     0.259     0.267     0.354      2.18    0.0946         0
   350/599     2.47G     0.767     0.108         0     0.874         4       416     0.672     0.333     0.374     0.446      2.14    0.0948         0
   351/599     2.47G     0.795     0.117         0     0.912         3       416     0.734     0.333     0.374     0.458      2.19    0.0945         0
   352/599     2.47G      0.83     0.104         0     0.933         4       416     0.589     0.259     0.261      0.36      2.21    0.0937         0
   353/599     2.47G     0.773     0.102         0     0.876         4       416     0.596     0.259     0.253     0.361      2.15    0.0936         0
   354/599     2.47G     0.944     0.134         0      1.08         6       416     0.691     0.296     0.316     0.415      2.18     0.094         0
   355/599     2.47G     0.863     0.119         0     0.982         4       416     0.694     0.296     0.299     0.415      2.17    0.0941         0
   356/599     2.47G     0.965     0.107         0      1.07         1       416     0.693     0.296     0.293     0.415      2.13    0.0943         0
   357/599     2.47G     0.931     0.107         0      1.04         4       416     0.689     0.296     0.294     0.414      2.21    0.0935         0
   358/599     2.47G     0.933     0.103         0      1.04         4       416       0.6     0.259      0.26     0.362      2.28    0.0923         0
   359/599     2.47G     0.845     0.118         0     0.962         7       416     0.598     0.259     0.224     0.362       2.2    0.0927         0
   360/599     2.47G      1.05     0.111         0      1.16         4       416     0.677     0.296     0.299     0.412      2.12    0.0933         0
   361/599     2.47G      1.14     0.114         0      1.25         2       416     0.675     0.296     0.298     0.412      2.09    0.0937         0
   362/599     2.47G     0.765     0.096         0     0.861         1       416     0.669     0.296      0.31     0.411      2.08    0.0934         0
   363/599     2.47G      0.89    0.0933         0     0.984         1       416     0.648     0.296     0.328     0.407      2.11    0.0933         0
   364/599     2.47G     0.931     0.109         0      1.04         5       416     0.646     0.296     0.348     0.406      1.99    0.0945         0
   365/599     2.47G      1.01     0.106         0      1.12         3       416     0.645     0.296     0.353     0.406      2.05    0.0936         0
   366/599     2.47G     0.992     0.113         0      1.11         3       416     0.604     0.296     0.339     0.398      2.11    0.0925         0
   367/599     2.47G     0.791    0.0936         0     0.885         4       416      0.66     0.296     0.333     0.409      2.12    0.0918         0
   368/599     2.47G     0.927     0.108         0      1.04         2       416     0.759     0.333     0.381     0.463      2.07    0.0928         0
   369/599     2.47G     0.964     0.108         0      1.07         6       416     0.678     0.296      0.34     0.412      2.09    0.0925         0
   370/599     2.47G     0.858     0.104         0     0.962         4       416      0.68     0.296     0.346     0.413      2.12    0.0928         0
   371/599     2.47G     0.866    0.0943         0     0.961         3       416     0.766     0.333     0.395     0.464      2.11    0.0932         0
   372/599     2.47G      0.91     0.109         0      1.02         4       416     0.716     0.333      0.38     0.455      2.22     0.092         0
   373/599     2.47G     0.904     0.122         0      1.03         4       416     0.713     0.333     0.379     0.454      2.25    0.0918         0
   374/599     2.47G     0.855     0.102         0     0.956         3       416     0.763     0.333     0.384     0.464      2.31    0.0912         0
   375/599     2.47G      1.01    0.0928         0      1.11         2       416     0.775     0.333     0.385     0.466      2.36    0.0907         0
   376/599     2.47G     0.881     0.103         0     0.984         3       416      0.71     0.296     0.336     0.418      2.34    0.0913         0
   377/599     2.47G     0.974    0.0993         0      1.07         2       416     0.733     0.296     0.332     0.422      2.31    0.0917         0
   378/599     2.47G     0.822     0.106         0     0.929         4       416     0.738     0.296     0.304     0.423      2.39    0.0916         0
   379/599     2.47G     0.812     0.104         0     0.916         2       416     0.601     0.259     0.255     0.362      2.41    0.0916         0
   380/599     2.47G     0.939      0.12         0      1.06         3       416      0.69     0.296     0.312     0.414       2.4    0.0929         0
   381/599     2.47G     0.976     0.113         0      1.09         3       416     0.694     0.296     0.312     0.415      2.32     0.094         0
   382/599     2.47G      0.87    0.0981         0     0.968         2       416     0.694     0.296     0.345     0.415      2.25    0.0943         0
   383/599     2.47G     0.967     0.125         0      1.09         6       416      0.82     0.333     0.354     0.474      2.16    0.0954         0
   384/599     2.47G     0.941     0.123         0      1.06         4       416     0.788     0.333     0.379     0.469      2.14    0.0955         0
   385/599     2.47G     0.864     0.127         0     0.991         3       416     0.697     0.296     0.338     0.416      2.11    0.0959         0
   386/599     2.47G     0.886     0.101         0     0.986         5       416     0.696     0.296     0.347     0.416      2.17    0.0951         0
   387/599     2.47G     0.918     0.106         0      1.02         5       416     0.727     0.296     0.336     0.421      2.12    0.0969         0
   388/599     2.47G     0.826     0.107         0     0.933         4       416     0.683     0.296     0.335     0.413       2.2    0.0972         0
   389/599     2.47G     0.846     0.144         0      0.99         5       416     0.677     0.296     0.332     0.412      2.22    0.0976         0
   390/599     2.47G      1.03      0.12         0      1.15         3       416     0.776     0.333     0.351     0.466      2.19    0.0981         0
   391/599     2.47G     0.777     0.105         0     0.882         4       416     0.776     0.333     0.352     0.466      2.16    0.0981         0
   392/599     2.47G     0.765     0.111         0     0.876         3       416     0.699     0.296     0.334     0.416       2.1     0.099         0
   393/599     2.47G     0.718     0.109         0     0.827         4       416     0.717     0.296      0.31     0.419      2.11    0.0985         0
   394/599     2.47G     0.782    0.0944         0     0.877         3       416      0.79     0.333     0.351     0.469      2.11    0.0983         0
   395/599     2.47G      0.89     0.119         0      1.01         5       416     0.786     0.333     0.352     0.468      2.14    0.0973         0
   396/599     2.47G     0.902     0.117         0      1.02         5       416     0.705     0.296     0.312     0.417       2.2    0.0954         0
   397/599     2.47G     0.873      0.12         0     0.994         5       416     0.689     0.296     0.313     0.414      2.18    0.0943         0
   398/599     2.47G     0.723     0.112         0     0.835         1       416      0.76     0.333     0.361     0.463      2.24    0.0928         0
   399/599     2.47G     0.875     0.111         0     0.986         7       416     0.752     0.333      0.36     0.462      2.19    0.0925         0
   400/599     2.47G     0.746     0.104         0     0.849         5       416     0.766     0.333      0.36     0.465      2.18    0.0923         0
   401/599     2.47G     0.768     0.112         0      0.88         3       416     0.779     0.333     0.381     0.467      2.15     0.093         0
   402/599     2.47G     0.885     0.108         0     0.993         4       416     0.785     0.333     0.389     0.468      2.17    0.0934         0
   403/599     2.47G     0.759     0.105         0     0.864         4       416     0.787     0.333      0.37     0.468      2.17     0.094         0
   404/599     2.47G     0.999     0.102         0       1.1         3       416     0.785     0.333     0.389     0.468      2.12    0.0944         0
   405/599     2.47G     0.957     0.106         0      1.06         8       416     0.787     0.333     0.389     0.468      2.16     0.094         0
   406/599     2.47G     0.702    0.0974         0       0.8         5       416     0.791     0.333     0.371     0.469      2.14    0.0944         0
   407/599     2.47G     0.728     0.107         0     0.835         7       416     0.788     0.333     0.371     0.468      2.17     0.094         0
   408/599     2.47G     0.886    0.0976         0     0.983         3       416     0.783     0.333     0.372     0.468      2.19    0.0938         0
   409/599     2.47G     0.759    0.0964         0     0.855         3       416     0.782     0.333     0.371     0.467       2.2    0.0937         0
   410/599     2.47G     0.753    0.0986         0     0.851         2       416     0.766     0.333     0.361     0.465      2.31    0.0925         0
   411/599     2.47G     0.792    0.0944         0     0.886         2       416     0.759     0.333      0.36     0.463       2.3    0.0922         0
   412/599     2.47G      0.94     0.115         0      1.05         2       416     0.758     0.333     0.357     0.463      2.13    0.0936         0
   413/599     2.47G     0.728    0.0956         0     0.824         1       416     0.761     0.333     0.357     0.464      2.07    0.0943         0
   414/599     2.47G     0.848     0.116         0     0.964         3       416     0.767     0.333     0.357     0.465      2.08    0.0944         0
   415/599     2.47G     0.827     0.118         0     0.946         5       416     0.774     0.333     0.357     0.466      2.08    0.0944         0
   416/599     2.47G     0.804    0.0845         0     0.889         3       416     0.695     0.296     0.303     0.415      2.12     0.094         0
   417/599     2.47G     0.827    0.0999         0     0.926         4       416      0.78     0.333     0.377     0.467      2.09    0.0942         0
   418/599     2.47G     0.963     0.102         0      1.06         6       416     0.777     0.333     0.377     0.466      2.11    0.0938         0
   419/599     2.47G      0.84     0.101         0     0.941         4       416     0.773     0.333     0.376     0.466      2.12    0.0933         0
   420/599     2.47G     0.813      0.11         0     0.923         3       416     0.776     0.333     0.378     0.466      2.07    0.0934         0
   421/599     2.47G     0.772     0.113         0     0.885         3       416     0.779     0.333     0.378     0.467      2.08     0.093         0
   422/599     2.47G      0.71    0.0883         0     0.798         2       416     0.776     0.333     0.361     0.466      2.08    0.0932         0
   423/599     2.47G     0.787     0.106         0     0.894         5       416     0.782     0.333     0.361     0.467      2.06    0.0932         0
   424/599     2.47G     0.761     0.113         0     0.874         6       416      0.79     0.333     0.361     0.469      2.04    0.0934         0
   425/599     2.47G     0.763    0.0894         0     0.852         3       416     0.791     0.333      0.36     0.469      2.07    0.0931         0
   426/599     2.47G     0.855     0.127         0     0.982         5       416     0.781     0.333     0.359     0.467      2.06    0.0938         0
   427/599     2.47G     0.615    0.0977         0     0.713         4       416     0.776     0.333     0.359     0.466      2.03    0.0944         0
   428/599     2.47G     0.731    0.0964         0     0.828         2       416      0.77     0.333     0.362     0.465      2.04    0.0947         0
   429/599     2.47G     0.852     0.104         0     0.956         3       416     0.776     0.333     0.384     0.466      2.15    0.0939         0
   430/599     2.47G     0.746     0.101         0     0.848         5       416     0.771     0.333     0.363     0.465      2.27     0.093         0
   431/599     2.47G     0.759    0.0996         0     0.859         4       416      0.77     0.333     0.365     0.465      2.26    0.0934         0
   432/599     2.47G     0.735     0.101         0     0.835         6       416      0.77     0.333     0.359     0.465      2.12    0.0954         0
   433/599     2.47G     0.696    0.0961         0     0.792         3       416     0.685     0.296     0.318     0.414       2.1    0.0957         0
   434/599     2.47G     0.902      0.13         0      1.03         5       416     0.687     0.296     0.316     0.414      2.11    0.0957         0
   435/599     2.47G     0.819     0.111         0     0.931         4       416     0.691     0.296     0.316     0.415       2.1    0.0959         0
   436/599     2.47G     0.824     0.109         0     0.933         2       416     0.783     0.333     0.381     0.468      2.06    0.0963         0
   437/599     2.47G     0.759    0.0984         0     0.858         3       416     0.785     0.333     0.381     0.468      2.05    0.0963         0
   438/599     2.47G     0.725     0.105         0     0.829         3       416     0.792     0.333     0.386     0.469      2.05    0.0963         0
   439/599     2.47G     0.752    0.0953         0     0.848         4       416     0.801     0.333     0.365     0.471      2.06    0.0962         0
   440/599     2.47G     0.863     0.099         0     0.962         4       416     0.711     0.296       0.3     0.418      2.09    0.0955         0
   441/599     2.47G     0.815    0.0937         0     0.909         2       416     0.711     0.296     0.298     0.418      2.13    0.0947         0
   442/599     2.47G     0.741    0.0928         0     0.834         2       416     0.792     0.333     0.385     0.469      2.16    0.0939         0
   443/599     2.47G     0.752    0.0937         0     0.846         3       416      0.79     0.333     0.357     0.469      2.14     0.094         0
   444/599     2.47G     0.797      0.11         0     0.907         6       416       0.8     0.333     0.377     0.471       2.1    0.0945         0
   445/599     2.47G     0.763    0.0954         0     0.858         2       416     0.802     0.333     0.358     0.471       2.1    0.0944         0
   446/599     2.47G     0.811     0.119         0      0.93         5       416     0.797     0.333     0.364      0.47      2.07    0.0944         0
   447/599     2.47G     0.866     0.109         0     0.975         5       416     0.705     0.296     0.308     0.417      2.03    0.0944         0
   448/599     2.47G     0.891     0.103         0     0.993         3       416     0.702     0.296     0.311     0.417      2.02    0.0934         0
   449/599     2.47G     0.793    0.0975         0     0.891         4       416     0.703     0.296     0.313     0.417         2     0.093         0
   450/599     2.47G      0.69    0.0854         0     0.775         7       416     0.708     0.296      0.33     0.418      1.99    0.0926         0
   451/599     2.47G     0.845     0.112         0     0.957         5       416     0.793     0.333     0.389     0.469      1.99    0.0921         0
   452/599     2.47G     0.688    0.0917         0      0.78         1       416     0.706     0.296      0.33     0.417      2.03     0.091         0
   453/599     2.47G     0.854     0.108         0     0.962         4       416     0.707     0.296      0.33     0.418      2.05    0.0907         0
   454/599     2.47G      0.82     0.115         0     0.935         4       416     0.706     0.296      0.33     0.417      2.05    0.0907         0
   455/599     2.47G       0.9     0.113         0      1.01         6       416     0.704     0.296      0.33     0.417      2.04    0.0908         0
   456/599     2.47G     0.846     0.101         0     0.947         3       416     0.796     0.333     0.369      0.47      2.01    0.0914         0
   457/599     2.47G      0.79     0.102         0     0.892         4       416     0.803     0.333     0.398     0.471      1.98    0.0919         0
   458/599     2.47G     0.775    0.0975         0     0.873         3       416     0.813     0.333     0.394     0.473      1.94    0.0924         0
   459/599     2.47G     0.783     0.116         0     0.898         4       416     0.819     0.333     0.394     0.474      1.93    0.0929         0
   460/599     2.47G      0.73    0.0973         0     0.828         0       416     0.819     0.333     0.394     0.474      1.93     0.093         0
   461/599     2.47G     0.731     0.103         0     0.834         5       416     0.819     0.333      0.39     0.474      1.94     0.093         0
   462/599     2.47G     0.725    0.0871         0     0.812         2       416      0.82     0.333     0.394     0.474      1.95    0.0932         0
   463/599     2.47G     0.789       0.1         0     0.889         5       416      0.82     0.333     0.394     0.474      1.96    0.0934         0
   464/599     2.47G       0.7     0.102         0     0.802         4       416     0.821     0.333     0.394     0.474      1.98    0.0931         0
   465/599     2.47G     0.851    0.0949         0     0.946         3       416     0.819     0.333     0.394     0.474      1.99    0.0929         0
   466/599     2.47G     0.751    0.0947         0     0.845         5       416     0.811     0.333     0.383     0.472      2.01    0.0923         0
   467/599     2.47G     0.799     0.115         0     0.914         3       416     0.808     0.333     0.387     0.472      2.01    0.0922         0
   468/599     2.47G     0.645    0.0975         0     0.743         2       416     0.809     0.333     0.374     0.472      1.99    0.0925         0
   469/599     2.47G      0.73     0.113         0     0.842         4       416     0.806     0.333     0.374     0.472      1.98    0.0927         0
   470/599     2.47G     0.715     0.104         0     0.819         6       416     0.805     0.333     0.392     0.471      1.98    0.0926         0
   471/599     2.47G     0.798    0.0986         0     0.897         5       416     0.803     0.333     0.392     0.471      1.99    0.0925         0
   472/599     2.47G     0.701     0.107         0     0.808         5       416     0.805     0.333     0.392     0.471      2.02    0.0922         0
   473/599     2.47G     0.813     0.109         0     0.922         5       416     0.802     0.333     0.392     0.471      2.03     0.092         0
   474/599     2.47G     0.716     0.103         0     0.819         4       416     0.802     0.333     0.374     0.471      2.03    0.0922         0
   475/599     2.47G     0.711     0.102         0     0.814         5       416     0.805     0.333     0.374     0.471      2.03    0.0922         0
   476/599     2.47G     0.794    0.0939         0     0.888         4       416     0.804     0.333     0.375     0.471         2    0.0924         0
   477/599     2.47G     0.876     0.106         0     0.983         3       416     0.806     0.333     0.392     0.472         2    0.0925         0
   478/599     2.47G     0.777     0.108         0     0.885         2       416     0.716     0.296     0.319     0.419      1.99    0.0925         0
   479/599     2.47G     0.795    0.0971         0     0.892         3       416     0.719     0.296     0.318      0.42      1.97    0.0925         0
   480/599     2.47G     0.758     0.119         0     0.877         6       416     0.724     0.296     0.318     0.421      1.96    0.0926         0
   481/599     2.47G     0.701    0.0959         0     0.797         5       416     0.818     0.333     0.386     0.474      1.96    0.0927         0
   482/599     2.47G     0.788    0.0994         0     0.887         4       416     0.819     0.333     0.369     0.474      1.98    0.0926         0
   483/599     2.47G     0.743     0.108         0      0.85         5       416     0.821     0.333     0.366     0.474      1.98    0.0926         0
   484/599     2.47G      0.79      0.11         0     0.899         4       416     0.825     0.333     0.366     0.475         2    0.0926         0
   485/599     2.47G     0.669     0.113         0     0.782         5       416     0.827     0.333     0.362     0.475      1.98    0.0929         0
   486/599     2.47G     0.848     0.107         0     0.954         5       416      0.83     0.333     0.363     0.476      2.01    0.0928         0
   487/599     2.47G     0.621    0.0901         0     0.711         3       416     0.829     0.333     0.364     0.476      2.04    0.0926         0
   488/599     2.47G     0.708    0.0946         0     0.802         3       416     0.829     0.333     0.365     0.476      2.05    0.0925         0
   489/599     2.47G     0.783     0.102         0     0.885         1       416      0.83     0.333     0.364     0.476      2.04    0.0926         0
   490/599     2.47G     0.757     0.115         0     0.872         3       416      0.83     0.333      0.36     0.476      2.05    0.0927         0
   491/599     2.47G     0.685     0.114         0     0.799         6       416     0.829     0.333     0.359     0.476      2.05    0.0929         0
   492/599     2.47G     0.856     0.106         0     0.962         5       416     0.829     0.333     0.364     0.476      2.02    0.0932         0
   493/599     2.47G     0.823     0.102         0     0.925         2       416      0.83     0.333     0.364     0.476      2.01    0.0935         0
   494/599     2.47G     0.687     0.107         0     0.794         2       416      0.83     0.333     0.381     0.476         2    0.0937         0
   495/599     2.47G      0.71     0.104         0     0.814         4       416      0.83     0.333     0.381     0.476      1.99    0.0939         0
   496/599     2.47G     0.767     0.105         0     0.872         3       416     0.828     0.333     0.381     0.475         2    0.0939         0
   497/599     2.47G     0.734     0.112         0     0.846         3       416     0.735     0.296     0.319     0.422      2.02    0.0937         0
   498/599     2.47G     0.714    0.0894         0     0.804         1       416     0.734     0.296     0.321     0.422      2.03    0.0934         0
   499/599     2.47G      0.77     0.111         0     0.881         2       416     0.825     0.333     0.365     0.475      2.04    0.0933         0
   500/599     2.47G     0.784     0.105         0      0.89         5       416     0.823     0.333     0.367     0.474      2.05    0.0931         0
   501/599     2.47G     0.726    0.0946         0     0.821         3       416      0.82     0.333     0.357     0.474      2.06     0.093         0
   502/599     2.47G     0.756    0.0996         0     0.856         2       416     0.819     0.333     0.358     0.474      2.08    0.0928         0
   503/599     2.47G     0.725     0.101         0     0.826         4       416     0.818     0.333     0.359     0.474      2.08    0.0926         0
   504/599     2.47G     0.759     0.111         0      0.87         3       416     0.813     0.333     0.359     0.473      2.08    0.0924         0
   505/599     2.47G     0.703     0.109         0     0.811         2       416     0.721     0.296     0.301      0.42      2.08    0.0921         0
   506/599     2.47G     0.731     0.111         0     0.842         5       416      0.72     0.296     0.321      0.42      2.09    0.0917         0
   507/599     2.47G     0.685    0.0993         0     0.784         3       416     0.719     0.296     0.305      0.42      2.09    0.0914         0
   508/599     2.47G     0.675    0.0947         0      0.77         2       416     0.716     0.296     0.306     0.419       2.1    0.0912         0
   509/599     2.47G     0.761     0.101         0     0.862         4       416     0.715     0.296     0.306     0.419       2.1     0.091         0
   510/599     2.47G     0.873      0.12         0     0.993         6       416     0.713     0.296     0.306     0.419      2.08    0.0912         0
   511/599     2.47G      0.73    0.0991         0     0.829         4       416     0.802     0.333     0.364     0.471      2.07    0.0914         0
   512/599     2.47G     0.692     0.104         0     0.796         4       416       0.8     0.333     0.367     0.471      2.06    0.0915         0
   513/599     2.47G     0.775       0.1         0     0.875         4       416     0.797     0.333     0.365      0.47      2.06    0.0915         0
   514/599     2.47G     0.621       0.1         0     0.721         4       416     0.797     0.333      0.37      0.47      2.06    0.0914         0
   515/599     2.47G     0.861     0.101         0     0.963         4       416     0.796     0.333      0.37      0.47      2.07    0.0912         0
   516/599     2.47G     0.816     0.125         0      0.94         3       416     0.796     0.333     0.372      0.47      2.07    0.0911         0
   517/599     2.47G     0.726     0.115         0     0.841         5       416     0.796     0.333     0.391      0.47      2.06    0.0912         0
   518/599     2.47G     0.692     0.118         0      0.81         5       416     0.795     0.333     0.372      0.47      2.06    0.0913         0
   519/599     2.47G      0.71      0.11         0     0.819         2       416     0.795     0.333     0.373      0.47      2.06    0.0913         0
   520/599     2.47G     0.723     0.108         0     0.831         6       416     0.706     0.296     0.313     0.417      2.07    0.0913         0
   521/599     2.47G     0.714     0.101         0     0.815         3       416     0.705     0.296     0.313     0.417      2.07    0.0912         0
   522/599     2.47G     0.674     0.104         0     0.777         4       416     0.707     0.296     0.316     0.418      2.07    0.0911         0
   523/599     2.47G     0.724     0.102         0     0.826         3       416     0.707     0.296     0.316     0.418      2.08    0.0911         0
   524/599     2.47G     0.696     0.118         0     0.814         5       416     0.706     0.296     0.316     0.417      2.08    0.0911         0
   525/599     2.47G     0.717    0.0916         0     0.809         4       416     0.706     0.296     0.316     0.417      2.08    0.0911         0
   526/599     2.47G     0.656     0.112         0     0.768         2       416     0.705     0.296     0.316     0.417      2.08    0.0912         0
   527/599     2.47G     0.733     0.104         0     0.837         5       416     0.705     0.296     0.316     0.417      2.08    0.0912         0
   528/599     2.47G     0.771      0.12         0     0.891         8       416     0.704     0.296     0.333     0.417      2.09    0.0911         0
   529/599     2.47G     0.691    0.0999         0     0.791         3       416     0.703     0.296     0.316     0.417      2.09     0.091         0
   530/599     2.47G     0.766     0.108         0     0.874         5       416     0.702     0.296     0.316     0.417      2.08     0.091         0
   531/599     2.47G     0.748    0.0951         0     0.844         2       416     0.702     0.296     0.333     0.417      2.08    0.0909         0
   532/599     2.47G     0.708      0.11         0     0.818         5       416     0.702     0.296     0.333     0.417      2.08    0.0909         0
   533/599     2.47G     0.675    0.0994         0     0.775         3       416     0.702     0.296     0.333     0.417      2.08    0.0909         0
   534/599     2.47G     0.783     0.119         0     0.902         4       416     0.703     0.296     0.332     0.417      2.07    0.0909         0
   535/599     2.47G     0.745     0.114         0      0.86         7       416     0.703     0.296     0.332     0.417      2.06    0.0909         0
   536/599     2.47G     0.741    0.0988         0      0.84         4       416     0.703     0.296     0.332     0.417      2.06    0.0907         0
   537/599     2.47G     0.802    0.0962         0     0.898         5       416     0.703     0.296     0.332     0.417      2.06    0.0907         0
   538/599     2.47G     0.733     0.106         0      0.84         2       416     0.792     0.333     0.392     0.469      2.06    0.0908         0
   539/599     2.47G     0.604    0.0881         0     0.692         4       416     0.794     0.333     0.392      0.47      2.06    0.0908         0
   540/599     2.47G      0.72     0.102         0     0.822         5       416     0.796     0.333     0.392      0.47      2.07    0.0907         0
   541/599     2.47G     0.613    0.0868         0       0.7         3       416     0.797     0.333     0.392      0.47      2.07    0.0907         0
   542/599     2.47G     0.694    0.0914         0     0.785         3       416     0.709     0.296     0.331     0.418      2.08    0.0905         0
   543/599     2.47G     0.715     0.103         0     0.818         4       416     0.708     0.296     0.331     0.418      2.08    0.0905         0
   544/599     2.47G     0.682    0.0906         0     0.772         3       416     0.708     0.296     0.325     0.418      2.08    0.0905         0
   545/599     2.47G      0.74    0.0986         0     0.839         4       416     0.708     0.296     0.325     0.418      2.08    0.0906         0
   546/599     2.47G     0.657     0.105         0     0.762         5       416     0.708     0.296     0.325     0.418      2.09    0.0906         0
   547/599     2.47G     0.683     0.113         0     0.796         6       416     0.798     0.333     0.391      0.47      2.08    0.0906         0
   548/599     2.47G     0.695    0.0984         0     0.794         4       416     0.797     0.333     0.391      0.47      2.08    0.0907         0
   549/599     2.47G     0.626    0.0914         0     0.717         4       416     0.797     0.333      0.39      0.47      2.07    0.0908         0
   550/599     2.47G     0.689     0.107         0     0.796         3       416     0.796     0.333     0.371      0.47      2.06     0.091         0
   551/599     2.47G     0.657    0.0921         0     0.749         6       416     0.797     0.333     0.371      0.47      2.06     0.091         0
   552/599     2.47G     0.606     0.109         0     0.716         4       416     0.798     0.333     0.371      0.47      2.06    0.0911         0
   553/599     2.47G     0.627     0.113         0      0.74         5       416     0.799     0.333     0.371      0.47      2.06     0.091         0
   554/599     2.47G     0.656     0.106         0     0.762         6       416       0.8     0.333     0.371     0.471      2.06    0.0911         0
   555/599     2.47G     0.645     0.108         0     0.753         6       416       0.8     0.333     0.371     0.471      2.06    0.0911         0
   556/599     2.47G     0.651     0.105         0     0.756         3       416     0.802     0.333     0.371     0.471      2.06    0.0911         0
   557/599     2.47G     0.656     0.105         0     0.761         4       416     0.801     0.333     0.371     0.471      2.06    0.0911         0
   558/599     2.47G     0.658     0.108         0     0.766         5       416     0.801     0.333     0.371     0.471      2.06     0.091         0
   559/599     2.47G     0.765    0.0867         0     0.851         1       416       0.8     0.333     0.371     0.471      2.06     0.091         0
   560/599     2.47G     0.792     0.113         0     0.905         7       416     0.799     0.333      0.39      0.47      2.06    0.0909         0
   561/599     2.47G     0.725    0.0999         0     0.825         4       416     0.799     0.333      0.39      0.47      2.06    0.0909         0
   562/599     2.47G     0.614    0.0999         0     0.714         3       416     0.798     0.333     0.391      0.47      2.06    0.0909         0
   563/599     2.47G     0.692    0.0914         0     0.783         5       416     0.798     0.333     0.391      0.47      2.06    0.0908         0
   564/599     2.47G     0.721     0.109         0      0.83         4       416     0.797     0.333     0.391      0.47      2.06    0.0907         0
   565/599     2.47G     0.612    0.0814         0     0.693         3       416     0.797     0.333     0.391      0.47      2.06    0.0906         0
   566/599     2.47G     0.607    0.0873         0     0.694         3       416     0.709     0.296     0.324     0.418      2.07    0.0906         0
   567/599     2.47G     0.689    0.0903         0     0.779         3       416     0.709     0.296     0.324     0.418      2.07    0.0906         0
   568/599     2.47G     0.709     0.101         0      0.81         5       416     0.709     0.296     0.323     0.418      2.07    0.0905         0
   569/599     2.47G     0.739     0.124         0     0.862         3       416     0.709     0.296     0.323     0.418      2.07    0.0906         0
   570/599     2.47G     0.788     0.108         0     0.896         3       416     0.798     0.333      0.39      0.47      2.07    0.0906         0
   571/599     2.47G     0.756       0.1         0     0.856         4       416     0.797     0.333      0.39      0.47      2.07    0.0907         0
   572/599     2.47G     0.741     0.109         0     0.851         4       416     0.797     0.333     0.371      0.47      2.06    0.0907         0
   573/599     2.47G     0.572     0.104         0     0.676         2       416     0.797     0.333      0.39      0.47      2.06    0.0908         0
   574/599     2.47G     0.704    0.0984         0     0.803         4       416     0.797     0.333     0.371      0.47      2.06    0.0908         0
   575/599     2.47G     0.709     0.111         0      0.82         4       416     0.797     0.333      0.37      0.47      2.06    0.0908         0
   576/599     2.47G     0.766    0.0965         0     0.862         3       416     0.796     0.333     0.371      0.47      2.06    0.0908         0
   577/599     2.47G     0.798     0.106         0     0.904         5       416     0.797     0.333     0.371      0.47      2.06    0.0908         0
   578/599     2.47G     0.692    0.0865         0     0.778         5       416     0.797     0.333     0.371      0.47      2.06    0.0908         0
   579/599     2.47G     0.668     0.118         0     0.786         4       416     0.797     0.333      0.37      0.47      2.06    0.0908         0
   580/599     2.47G     0.693     0.108         0     0.801         3       416     0.798     0.333     0.371      0.47      2.06    0.0908         0
   581/599     2.47G     0.687     0.097         0     0.784         2       416     0.798     0.333     0.371      0.47      2.06    0.0908         0
   582/599     2.47G     0.734     0.099         0     0.833         4       416     0.797     0.333     0.371      0.47      2.06    0.0908         0
   583/599     2.47G      0.64    0.0936         0     0.734         3       416     0.795     0.333     0.371      0.47      2.06    0.0908         0
   584/599     2.47G     0.712    0.0976         0      0.81         4       416     0.795     0.333     0.371      0.47      2.06    0.0908         0
   585/599     2.47G     0.601    0.0948         0     0.696         3       416     0.796     0.333     0.371      0.47      2.06    0.0908         0
   586/599     2.47G     0.732    0.0993         0     0.832         3       416     0.796     0.333     0.371      0.47      2.06    0.0908         0
   587/599     2.47G     0.666     0.121         0     0.787         3       416     0.797     0.333     0.371      0.47      2.06    0.0909         0
   588/599     2.47G     0.647    0.0867         0     0.733         2       416     0.797     0.333     0.371      0.47      2.06    0.0908         0
   589/599     2.47G     0.783     0.118         0     0.901         4       416     0.796     0.333      0.37      0.47      2.06    0.0909         0
   590/599     2.47G     0.637    0.0919         0     0.729         4       416     0.796     0.333      0.37      0.47      2.06    0.0908         0
   591/599     2.47G     0.583    0.0912         0     0.674         2       416     0.797     0.333      0.37      0.47      2.06    0.0908         0
   592/599     2.47G     0.699     0.105         0     0.805         6       416     0.796     0.333      0.37      0.47      2.06    0.0908         0
   593/599     2.47G     0.653    0.0987         0     0.752         5       416     0.797     0.333      0.37      0.47      2.06    0.0908         0
   594/599     2.47G     0.749     0.111         0     0.859         5       416     0.797     0.333      0.37      0.47      2.06    0.0908         0
   595/599     2.47G     0.581    0.0864         0     0.668         5       416     0.796     0.333      0.37      0.47      2.06    0.0908         0
   596/599     2.47G     0.664    0.0981         0     0.762         2       416     0.796     0.333      0.37      0.47      2.06    0.0908         0
   597/599     2.47G     0.666     0.102         0     0.768         4       416     0.796     0.333      0.37      0.47      2.06    0.0908         0
   598/599     2.47G     0.735     0.106         0     0.841         2       416     0.796     0.333      0.37      0.47      2.06    0.0908         0
   599/599     2.47G     0.628     0.111         0     0.739         3       416     0.797     0.333      0.37      0.47      2.06    0.0908         0
