1633771278253
1633771287434
1633771291960
1633771296554
1633771301023
1633771305663
1633771310187
1633771332527
1633771336989
1633771341639
1633771366731
1633771370937
1633771383621
1633771387704
1633771644181
1633771646506
1633771648902
1633771653479
1633771655674
1633771658089
1633771660532
1633771665754
1633771668512
1633771671155
1633771673567
1633771678727
1633771681499
1633771694711
1633771702105
1633771704563
1633771709395
1633771714334
1633771729018
1633771733940
1633771736432
1633771738839
1633771741326
1633771748721
1633771751232
1633771753664
1633771761150
1633771763560
1633771766010
1633771768449
1633771770850
1633771775710
1633771778232
1633771780606
1633771788014
1633771790410
1633771795290
1633771797905
1633771805090
1633771807572
1633771810057
1633771812553
1633771815031
1633771817565
1633771822447
1633771824901
1633771829957
1633771832354
1633771837197
1633771846937
1633771851892
1633771854299
1633771856777
1633771859217
1633771861811
1633771864217
1633771869296
1633776334709
1633776337981
1633776341259
1633776344387
1633776347483
1633776353870
1633776356905
1633776359874
1633776362947
1633776366080
1633776369196
1633776372232
1633776375288
1633776381613
1633776387482
1633776390599
1633776399728
1633776402781
1633776405886
1633776408947
1633776411936
1633776421122
1633776424038
1633776430142
1633776433334
1633776436221
1633776439197
1633776442233
1633776445341
1633776448326
1633776451233
1633776454205
1633776457357
1633776466424
1633776469484
1633776910366
1633776913481
1633776916487
1633776922532
1633776925466
1633776928376
1633776931080
1633776933765
1633776939281
1633776947910
1633776950889
1633776960573
1633776963967
1633776967394
1633776970532
1633776973740
1633776980243
1633776983472
1633776986634
1633776989820
1633776993121
1633777002490
1633777005439
1633777008371
1633777011408
1633777017110
1633777019970
1633777022801
1633777025547
1633777031260
1633777034198
1633777037065
1633777039860
1633777042659
1633777045458
1633777048152
1633777056624
1633777059470
1633777062261
1633777065127
1633777068032
1633777070988
1633777097077
1633777102863
1633777108527
1633777114327
1633777117256
1633777120234
1633777123092
1633777125917
1633777134817
1633777137742
1633777143589
1633777146523
1633777149378
1633777152369
1633777155436
1633777161364
1633777164260
1633777175898
1633777187679
1633777190616
1633777193634
1633777196585
1633777205657
1633777211434
1633777214236
1633777217079
1633777222950
1633777225633
1633777228183
1633777230673
1633777233172
1633777235730
1633777238323
1633777240967
1633777243742
1633777246285
1633777251636
1633777254321
1633777256899
1633777259403
1633777262100
1633777264803
1633777270064
1633777272722
1633777275459
1633777278171
1633777283439
1633777286106
1633777291465
1633777294057
1633777296757
1633777299560
1633777304753
1633777307413
1633777310143
1633777312898
1633777315473
1633777318142
1633777320844
1633777323531
1633777331261
1633777334108
1633777336719
1633777339356
